,Recency,Frequency,MonetaryTotal,MonetaryAvg,MonetaryStd,MonetaryMin,MonetaryMax,TotalQuantity,AvgQuantityPerTransaction,MinQuantity,MaxQuantity,CustomerTenureDays,FirstPurchaseDaysAgo,PreferredDayOfWeek,PreferredHour,PreferredMonth,WeekendPurchaseRatio,AvgDaysBetweenPurchases,UniqueProducts,UniqueDescriptions,AvgProductsPerTransaction,NegativeQuantityCount,ZeroPriceCount,CancelledTransactions,ReturnRatio,TotalTransactions,UniqueInvoices,AvgLinesPerInvoice,Age,SupportTicketsCount,SatisfactionScore,RFMSegment,AgeCategory,SpendingCategory,CustomerType,LoyaltyLevel,ChurnRiskCategory,BasketSizeCategory,Churn,MonetaryPerDay,AvgBasketValue,TenureRatio,RegYear,RegMonth,RegDay,RegWeekday,IP_PremierOctet,IP_Privee,AccountStatus_Closed,AccountStatus_Pending,AccountStatus_Suspended,PreferredTimeOfDay_Matin,PreferredTimeOfDay_Midi,PreferredTimeOfDay_Soir,FavoriteSeason_Hiver,FavoriteSeason_Printemps,FavoriteSeason_Été,Region_Amérique du Nord,Region_Amérique du Sud,Region_Asie,Region_Autre,Region_Europe centrale,Region_Europe continentale,Region_Europe de l'Est,Region_Europe du Nord,Region_Europe du Sud,Region_Moyen-Orient,Region_Océanie,Region_UK,WeekendPreference_Semaine,WeekendPreference_Weekend,ProductDiversity_Modéré,ProductDiversity_Spécialisé,Gender_M,Gender_Unknown
Recency,1.0,-0.25934159478607516,-0.130526723654962,-0.0022552284602187275,0.012934102518295916,0.03380981818676516,-0.004830220308700339,-0.13511094925822723,-0.003774143811075018,-0.0036263768069958063,0.0015458550365744816,-0.5155510868157835,0.27178107303654037,-0.004835888296060171,-0.00023907347250474295,-0.3975732743560843,-0.04146055457552831,-0.08518529556352179,-0.30266200175847907,-0.3026495965112798,-0.02496430598206223,-0.14251428857111548,-0.041226835616288746,-0.14251428857111548,0.14292004224268284,-0.2069801870380516,-0.25934159478607516,-0.1022840593736725,-0.0018746382536719327,-0.013452035546113962,0.02753806699851725,-0.6950852526614163,-0.00935917760479686,-0.44454763096719707,0.49619866421659753,-0.5060167806373193,0.8443196730637604,-0.0674546669846306,0.8589508994415903,-0.08879164611646995,-0.05965299594407988,0.7898280346528861,-0.13344292491430804,-0.04601828130222416,0.0013436759789922132,-0.010320344613474865,-0.00952301120910483,0.001404280088155355,-0.019067094201510197,0.00039717849457823436,0.024084800583110418,0.024338647722179967,-0.04079728906303864,0.025082466821613743,0.33405199844362515,0.25712614957537194,-0.030330340954075108,0.016340660477145504,0.022061030413259217,0.01024657630087857,0.005079410854497244,0.011513430540213972,-0.012521744459211299,0.04112667121462463,-0.03210776309564558,0.028911684468414214,0.05519824226116427,0.003685191272206194,-0.00655527126221281,-0.24923425862510587,0.005501237800689988,0.25839139596433547,0.19825564069593696,-0.006206434146033038,0.007551799225343812
Frequency,-0.25934159478607516,1.0,0.5657707389128501,0.03184922759477349,-0.0017692832803563592,-0.0440246493542842,0.0327698896293915,0.5738798328033923,0.0006163987871858676,-0.020835901663355277,0.02717597183784455,0.4716966271909362,0.3090143944361126,-0.014977108853751985,-0.03986018991933565,0.04425603985421796,-0.022008823085949897,-0.02628319190952851,0.6956634271193887,0.699388461279166,-0.15540414372447478,0.6983660868812418,0.2494057764069112,0.6983660868812418,0.02573403844858088,0.7780952277520202,1.0,-0.04551851066593542,0.029652866301728097,-0.0024580180964693028,0.00028769012028743226,0.4552556785242473,0.03901046524364967,0.44471381660055803,0.06948678115805206,0.4510509424828467,-0.2938499821891312,0.07794410204733346,-0.22261633436396056,0.5205496515748441,0.0839349654001709,-0.22311108074864508,-0.22730654034223122,0.034389333287557416,0.011467902473680267,0.012984764113236505,0.0005441449069773969,-0.01509525841767507,0.011537907798547176,-0.012052867680523455,-0.012069769242862235,0.019750110236478654,0.02491868222902605,-0.02036364655034927,0.04984844296993942,-0.03038396117495397,-0.0009079746170930218,-0.015821327074158786,-0.0066015988163998,-0.004150207414571036,0.167015657015387,-0.014282172585924187,0.008802404300365718,-0.0017420988682629933,-0.009363910627655575,-0.01564529047066667,-0.018846556141927113,0.014224726515290248,-0.017070799632243058,0.36024623399965783,-0.07118656566162786,-0.18572597501952798,-0.09640425828443287,0.006932089236565755,0.008770179833278961
MonetaryTotal,-0.130526723654962,0.5657707389128501,1.0,0.1490852823793913,0.0034686220141243364,0.09017327972478255,0.061535572760102686,0.9216319792539674,0.031053999384387212,0.013841859406820683,0.044973911756468206,0.23443668583947846,0.15411840633093624,-0.027851689227073054,-0.03908544998834843,0.022167610197354044,-0.030997825809263038,-0.024104429884293635,0.41130524632756305,0.41552439251907153,-0.05139440629253505,0.38289440782909323,0.3936937471458032,0.38289440782909323,0.03090370987990279,0.44610118964387707,0.5657707389128501,0.014267654534537969,0.009197358099654671,0.028487313524606574,0.001358880304145173,0.23583544640385223,0.014349331273942388,0.26432973189927894,0.05901150081764388,0.2171086080963266,-0.1496232135081219,0.12961578828674902,-0.11169822821754108,0.8738923425118373,0.42805894186932175,-0.09999546385479409,-0.117588357959542,0.007016773354521354,0.027467406603410516,0.004566505634631409,0.017444231493915236,-0.01001578796069995,0.0002463672757387394,-0.0040583928547599365,-0.015934119297001337,0.04797949223582402,-0.017324179961808402,-0.015396451231235899,0.012220546039623057,-0.028568550756089398,0.02294738860323662,-0.006494798016397026,-0.0014309993392839688,0.016692676921307034,0.15562490901012577,-0.006166268255067313,0.039334252611764854,-0.000478260087462796,0.012377873486481986,-0.005251660239453339,-0.0035567328287959025,0.0744404559930672,-0.06988895871685223,0.15122149387101189,-0.04461139665899575,-0.09515607679423611,-0.04682338654131305,-0.0014252647362685425,0.015823382865571424
MonetaryAvg,-0.0022552284602187275,0.03184922759477349,0.1490852823793913,1.0,0.009814425904227172,0.9342817277412118,0.06471664976152089,0.12839463457762554,0.2620435759303913,0.26918909196200563,0.05002427416691118,0.0045550138082403125,0.003190266788348416,-0.012910412215626003,-0.043445153027507635,-0.013165986328550454,-0.03784266150286443,0.255074609243133,-0.05891036718143905,-0.058201809982588795,-0.10821372407174414,-0.0015797430558801135,0.00961367687837213,-0.0015797430558801135,-0.1466249715734748,-0.026530620820770425,0.03184922759477349,-0.10929448997953191,-0.001919518466566056,-0.0065788660087918545,0.010096700420804516,0.04857709235266069,-0.0021068773054425845,0.12805459664078003,0.0217514779043318,0.0017224163412623218,-0.004064047770230976,0.2038030950232471,-0.004281229195065108,0.10538548590882121,0.42675837376334336,-0.006343095563915692,-0.0011417938580132242,-0.010453431499113966,0.023587957809188917,-0.025027419441041976,0.018745770215279078,-0.00023623148008126795,0.0017094103477059426,-0.015572078172325728,0.011402297946948794,0.04529815307026927,-0.013858128317482992,-0.011057565751711237,0.012382161429270101,0.027763221101476592,-0.009425250773353521,0.016691871897445948,0.0008196021313572683,0.053108108253497564,-0.0007056724465189144,0.0016588661675997424,-0.01637874579762667,0.0022122045593322036,0.007534629913712319,-0.0050276408110795315,-0.005773395726073482,0.005027466495125043,0.0018955312103362365,-0.009767435592226835,-0.033516246470936886,0.029708328322970608,0.1646572143365386,0.004682637930373148,-0.005727420108611154
MonetaryStd,0.012934102518295916,-0.0017692832803563592,0.0034686220141243364,0.009814425904227172,1.0,0.1008758563910839,0.9661346474200498,0.0017444338566706657,0.0019383770084085725,0.046102672832516,0.9725849496075486,-0.0033858024376650386,0.0072424218083583305,-0.011228387175597989,-0.02637623971667753,-0.028530974519729378,-0.012707104994280717,0.06721112814249312,-0.017507105913634174,-0.017379662432940535,-0.027755759518848074,-0.000663461205628025,-0.0006847054537869783,-0.000663461205628025,0.07703606737947559,-0.009128830446960223,-0.0017692832803563577,-0.02798897591328807,-0.02516888388274515,-0.01935228249484582,0.014459534076884226,-0.019929064358159103,-0.003983902696784873,-0.03784138705372001,-0.005629488184132388,0.001827419424195685,0.0018561434938003216,-0.02443518268238516,0.008512026982575575,0.0030372792178540156,-0.007131546755987151,0.021160281951882493,0.0032649074083656387,-0.012494667276428001,0.02634580347300338,-0.0016497957086960473,0.016193047767447517,-0.002446260373694044,-0.003559790459180574,-0.00451439237347263,-0.004122738056356646,0.029109312138417557,-0.01630677935069302,-0.0031594263843690096,0.009804849007810982,0.018673197130090576,-0.0036082438238800854,-0.0011350068142674538,-0.00031377362170197006,0.005756592641024432,-0.0008139070265140699,-0.0014496421379229802,-0.006025688788347751,-0.000364809096825814,-0.0018357424618755359,-0.001955626171680902,-0.0011363330484006995,-0.0007210209038328744,0.00623984439074628,-0.010700706518131738,-0.009710997267765902,-0.011163962210689687,0.09185998993659023,0.010295819355594834,0.0011481309424967358
MonetaryMin,0.03380981818676516,-0.0440246493542842,0.09017327972478255,0.9342817277412118,0.1008758563910839,1.0,0.5906713454012067,0.08327441247726175,0.28938995455690353,0.28043766247816826,0.2632130635501803,-0.05856411068743438,-0.028066613320852356,-0.018733034251640593,-0.034739171550983695,-0.011361464494945205,-0.04048927992778512,0.3373511752508703,-0.0957169803426312,-0.09554214638402114,-0.11153348086311,,-0.007679761063876279,,,-0.07505146278160472,-0.04402464935428419,-0.11283100854602794,-0.007086694368157588,0.007013866754119602,0.007345636913266016,-0.007732528418012621,0.00914837038854253,0.06235760212950161,0.05275779992514524,-0.062405626409501355,0.029320687857382222,0.11683372493336759,0.030396758503901007,0.06485314898686217,0.3091666833287722,0.047179328336248244,0.00434982822813795,0.014813370089231321,0.02510517214828534,-0.015345190740669572,0.0016405187587055178,-0.002082195035013125,0.0034912327139875817,-0.007896032974077372,-0.006785893739654272,0.027879659993038444,-0.0028783306052822676,-0.012232471449370093,0.03686200237116966,0.022951856860016343,-0.009346809967122822,0.033061668241869645,-0.00013141109730034127,0.006249867054504874,-0.002936815866008662,-0.0017439652039026397,-0.018536509494801116,-0.0004410562590049944,-0.0058543010449376735,-0.006189938111200996,-0.003398113001177586,-0.0017829904983907973,0.01437424498786003,-0.0317733837816453,-0.0349419377247045,-0.025311459719468944,0.29084905792703114,0.036356434170285085,-0.022168447318390808
MonetaryMax,-0.004830220308700339,0.0327698896293915,0.061535572760102686,0.06471664976152089,0.9661346474200498,0.5906713454012067,1.0,0.05603990995218317,0.016554149957263654,0.16939343659135012,0.9209753507966375,0.016371715814195657,0.014319933736615834,-0.012505127881518927,-0.03034949419097889,-0.023256254447075447,-0.016997457286725404,0.08168236743904711,-0.0017647714011152036,-0.0014532785641813907,-0.03653656413221808,0.019448140718324264,0.018395245848645613,0.019448140718324264,0.06472714574887874,0.009164146141974555,0.03276988962939151,-0.0337977225523642,-0.019912771834702577,-0.015805198479112208,0.01104986990757532,0.003979325267273478,0.0049442989855854255,-0.007802121814628469,-0.007403678704312022,0.021721955873058477,-0.012970859323288925,-7.114068775513754e-05,-0.004204860205495962,0.043691194874410894,0.03564542276007801,0.0034773215548144568,0.001497850677660436,-0.012398312114932608,0.02759500017675804,-0.00824581500717493,0.015004195912344384,-0.0032586676460339605,-0.004004751953099185,-0.005887028862931034,-0.003939881078524483,0.03301168722948944,-0.01799452976874782,-0.004754119806715991,0.002681436831265525,0.022463040720178008,0.0010501428864677252,-0.0001588636576782509,-5.239417255906559e-05,0.019397363864163516,0.005582757639278207,-0.0018225395291745,-0.0024475265955595355,-0.000329603073224373,0.0008405520040384551,-0.0015880065815112089,-0.0014896741516042147,0.002588750681758644,-0.0013029556733402936,-0.0025863882109738137,-0.014563578954852765,-0.014958046682047746,0.09043018022618544,0.01498598265611944,-0.002497243942845102
TotalQuantity,-0.13511094925822723,0.5738798328033923,0.9216319792539674,0.12839463457762554,0.0017444338566706657,0.08327441247726175,0.05603990995218317,1.0,0.08531185061923202,0.26264749682435945,0.058781407555016166,0.23679666523227955,0.15291156861515837,-0.02211403681330172,-0.04033665382419811,0.015157421942085704,-0.03216311624535191,-0.019194562180225288,0.4404392338161432,0.4443381036956586,-0.048620247499436164,0.39686707750956696,0.4673736637999654,0.39686707750956696,0.02735860303808361,0.46135214925400864,0.5738798328033923,0.01540390465764106,0.01860034046751987,0.022973799038695144,-0.00359788005790943,0.23965647080687466,0.024929071936994156,0.26687043723242226,0.0557206066746948,0.2179110592378292,-0.15207454783267316,0.15307036945606645,-0.11533590947666252,0.7574769639467918,0.3903126187886541,-0.10354601727038129,-0.11539937812367736,0.0157384537572593,0.028247178064897176,-0.002814799487203976,0.018403203260258214,-0.01023256661482078,-0.001188907118290935,-0.004123055552911666,-0.010748622291871247,0.04640575489444818,-0.010835689680900321,-0.014536799843036899,0.008850212931136364,-0.021181604572039155,0.035225340430328544,-0.006036172738564555,-0.0025165204262012904,0.021882527871862636,0.1484406729482799,-0.0075476679255205665,0.04092504245718741,-0.0015580008920293856,0.01643984826867383,-0.009011841458337095,-0.004806894504890871,0.08006380481840976,-0.07158491767891603,0.16087954398528623,-0.047052575291291095,-0.09328291550821052,-0.0432328875163945,-0.00022209631904418392,0.00874589146386796
AvgQuantityPerTransaction,-0.003774143811075018,0.0006163987871858676,0.031053999384387212,0.2620435759303913,0.0019383770084085725,0.28938995455690353,0.016554149957263654,0.08531185061923202,1.0,0.9854568656962085,0.13700015003350374,-0.015961042610126795,-0.021166807996391132,0.0009081597452121685,-0.0013719371097984795,-0.0004617983846404856,-0.0238171195282091,0.2736146044985144,-0.03821052221462256,-0.03792602320859144,-0.061463858229573134,-0.007330064597264752,0.10744987613256338,-0.007330064597264752,-0.012409136075091682,-0.019389763295581904,0.0006163987871858644,-0.06293033612941967,-0.01068221142427875,-0.010656551573963302,0.0007374635253321646,-0.0035812489161068666,-0.01230136819108868,0.009041601290179535,0.02287446209302461,-0.017345713058889878,-0.00023814101807317057,0.111968583335199,0.0025275216375114564,0.01762620263829919,0.11532192271896984,0.003919874671879121,0.005876328550409882,0.020874001583753875,-0.006506765774351417,-0.00923090456248729,0.007698545359685296,-0.003831052283610587,-0.004692709197897955,-0.002248869935826146,0.007009013955772759,0.007460546188171951,-0.013016864941046159,-0.0060144698539410174,-0.00425051563510453,0.007539347965010701,0.0019152873621013085,0.00968681000118729,-0.000799022050293049,0.021244850411433005,-0.0015256779816465208,-0.0020382645093508863,-0.011383113508440429,-0.0002667630107723955,-0.0009812890012929592,-0.004867865816510743,-0.0031669610800161368,0.0004362998450033486,0.007711954447665321,-0.012568322823270245,-0.021334489033244135,-0.00029969461356269857,0.14852772053375057,0.007173456915579959,0.0016813813627813835
MinQuantity,-0.0036263768069958063,-0.020835901663355277,0.013841859406820683,0.26918909196200563,0.046102672832516,0.28043766247816826,0.16939343659135012,0.26264749682435945,0.9854568656962085,1.0,0.8881802098146143,-0.025363328908439883,-0.028234494876986194,0.010717778730801843,0.009100682914706797,0.010249718304585998,-0.018875125715543586,0.3063414412098939,-0.04048808040237515,-0.040418513137999226,-0.04901700390409359,,0.3237915031905196,,,-0.03128824138776583,-0.020835901663355277,-0.04894141563432641,-0.015371317198361323,-0.014535084900095287,-0.0009812928315195563,-0.01082995220372549,-0.01844966235801538,-0.014757948073236741,0.025586384001706295,-0.027447104320617893,-0.008137027856243827,0.07087599821077586,-0.00014522840304485033,0.0030170584897704507,0.0715857793655267,0.006499901305635174,0.009437018284860326,0.030574908321834498,-0.0053734118419902326,-0.0034470729504790056,0.0027727412327495037,-0.0043862190801614714,-0.004033714986225542,-0.004668681556531253,-0.003301419852738277,-0.0008307760935533616,-0.017445631501482827,-0.005481775526752758,-0.004145588246468495,0.004905812519601166,-0.006777045620603371,0.013133816230232215,-0.0008813929327372268,0.0026023051828628022,-0.0018373142670726327,-0.0030395794462506564,-0.01138742755154199,-0.0005872429708943587,-0.00472937445109059,-0.0036457197548319252,-0.002470065766054736,-0.001774809101525585,0.011203497491145017,-0.014037554919863832,-0.016412061830679604,-0.02375499526484283,0.15029074520948102,0.00874300406699033,0.0052026935065250515
MaxQuantity,0.0015458550365744816,0.02717597183784455,0.044973911756468206,0.05002427416691118,0.9725849496075486,0.2632130635501803,0.9209753507966375,0.058781407555016166,0.13700015003350374,0.8881802098146143,1.0,0.014568780598590002,0.01771575077842439,-0.014082151406233898,-0.03170304271255402,-0.028962784395879473,-0.01611696120657403,0.07804956025967237,-0.004537569981032703,-0.004280454750233162,-0.03803071689636365,0.013480711946689615,0.026605247477055536,0.013480711946689615,0.07122788693946645,0.005190557566246781,0.027175971837844554,-0.03570075539960394,-0.027778106081447138,-0.022206424627569825,0.016191205421628926,-0.00042736898965259524,-0.00492762364266534,-0.015238078098235502,-0.0026679721536038165,0.018848889270147853,-0.009894256846452178,0.009247552978534994,-0.0019287572781261115,0.02966269887379626,0.028687962977490336,0.010863689872311452,-0.007072144931901426,-0.007276991252456973,0.023192267662121,-0.006125521298979213,0.02053333508620525,-0.0036502560985200837,-0.002954493143619595,-0.004590741190161562,0.001040076357769435,0.03416168148643005,-0.01499869171214277,-0.004593405687040776,0.013405750754989437,0.016775821787949365,-0.003480851568231039,0.00012893641975710685,-0.0008658450956738916,0.011240810431920174,0.004316474835194983,-0.002385476679280357,-0.006768671454016188,-0.0006503429508879228,-0.002237904046953286,-0.0032749840446505314,-0.0022946062048255587,0.0026487752998300327,0.005494288184510495,0.0004447777034483666,-0.015074482664792456,-0.014892137634061362,0.09624830870134019,0.009467133505826392,0.008117301470337637
CustomerTenureDays,-0.5155510868157835,0.4716966271909362,0.23443668583947846,0.0045550138082403125,-0.0033858024376650386,-0.05856411068743438,0.016371715814195657,0.23679666523227955,-0.015961042610126795,-0.025363328908439883,0.014568780598590002,1.0,0.6844824723227056,-0.006143192130810136,-0.04937696614862113,0.025525076456618043,0.0049753145050806975,0.20834492109043296,0.4521177864401916,0.4531192697238487,-0.15816921007338877,0.2733602339627188,0.06453173082063049,0.2733602339627188,-0.017762850049968016,0.3283591287773439,0.4716966271909362,-0.031830366901387436,0.026371298501446566,0.0005748963602558859,0.00010332207727588289,0.7166406477051583,0.0316578264105212,0.6454718309631129,-0.32801720634316206,0.943433055895429,-0.511679256273628,0.0617733310256242,-0.453455352180767,0.14994379489100676,0.02396953446936098,-0.5237679413135854,-0.46816238870666566,0.044091695371768255,0.021326388682139277,0.005604119936250979,0.004113452918019774,-0.005879592496979712,0.03288518117667683,-0.01877184642378925,-0.024189540780597096,0.021568827966914613,0.04484624150868663,-0.01558989288028933,0.1096910636327685,-0.03694562348763139,-0.010488064907475473,-0.03993257464245963,-0.01518876065116188,2.0029949240817488e-05,0.006684919828321226,-0.009044745638565298,0.011209981249818608,-0.014847148126532098,-0.005330181256866588,-0.02500036729446845,-0.041808555911782924,0.03064136447991542,0.01010518030541501,0.40805780023670885,-0.060628197526623885,-0.3350451008701467,-0.19354321858975734,0.013774096255334317,0.011478011750494833
FirstPurchaseDaysAgo,0.27178107303654037,0.3090143944361126,0.15411840633093624,0.003190266788348416,0.0072424218083583305,-0.028066613320852356,0.014319933736615834,0.15291156861515837,-0.021166807996391132,-0.028234494876986194,0.01771575077842439,0.6844824723227056,1.0,-0.011089872083350697,-0.05580601628039171,-0.309814085755562,-0.02978267773005722,0.16311485473052345,0.25021158338944793,0.25134500990664504,-0.1991128858337408,0.18568445464467045,0.037347571521838666,0.18568445464467045,0.10181343666764549,0.19258122574952183,0.3090143944361126,-0.12295696034271321,0.027756579128007747,-0.010771248406514701,0.023387361297522967,0.2135889246748686,0.02757717650098175,0.3469118862860536,0.05319135440500793,0.6293060625976008,0.1437894162756393,0.012080040105048633,0.2216118859364363,0.0940373295124851,-0.023104369575960834,0.0830755663693951,-0.6393108605040025,0.01030393020833005,0.025162001970439753,-0.0025087124308570195,-0.0034547590840108776,-0.005349805824309853,0.020807702145261064,-0.020725703791665294,-0.006684788907413532,0.045129776771808135,0.015625601317081107,0.003876016826041212,0.40739435876656327,0.17738347334417082,-0.037462374849337884,-0.030974388408079947,0.0016889800958509893,0.008822358711772062,0.011832615959234878,-0.0003667869400296373,0.001981203863095126,0.018424265176936492,-0.03333334768153105,-0.003551741944500312,8.472756244211372e-06,0.03750726434204146,0.005758043220741189,0.2462767502222379,-0.06350883528904204,-0.15652355106371751,-0.048824077167520366,0.01013100370570091,0.01932864983049972
PreferredDayOfWeek,-0.004835888296060171,-0.014977108853751985,-0.027851689227073054,-0.012910412215626003,-0.011228387175597989,-0.018733034251640593,-0.012505127881518927,-0.02211403681330172,0.0009081597452121685,0.010717778730801843,-0.014082151406233898,-0.006143192130810136,-0.011089872083350697,1.0,0.07511097794360226,0.026985273383644717,0.6598729728415168,-0.04768862341414766,0.0502738238639595,0.04992293729939753,0.07492587228054462,-0.025712947887586775,0.004491817930501558,-0.025712947887586775,-0.05687572228455396,0.019846077863359388,-0.014977108853751985,0.08676429915616224,0.017328239597881302,-0.011799700955398605,0.007762921280889207,0.0020005188715936676,0.0001196067101959811,-0.00364247575452419,-0.008926353860829288,-0.004409233071571224,0.0010264844365965838,-0.11485784513492288,0.009435382099848587,-0.017539400802801124,-0.04038577397467916,0.0005292966336518847,-0.0021559549964693665,0.006858873667505297,0.0025513476794557597,0.02714273679426475,-0.013919108434911766,-0.014400799937444642,0.00812918084062359,0.002765629745767571,-0.009318059046078197,-0.07974316091022317,0.05131216858292395,0.028967808432388442,-0.008903993092121039,-0.007822526485327514,0.0027226135955605198,-0.021180927415295044,0.012026631074572441,0.011447147007622442,-0.015367806595478928,-0.02792471350072543,-0.025301318711275927,0.02845544877744097,-0.01968525320361824,-0.024528356198111785,-0.01133498779732459,-0.0022560802847835064,0.043461632133011414,0.013735157957932526,0.6552541729026311,-0.027716560525820676,-0.035674238939468375,-0.011574351476484808,0.028777288581824382
PreferredHour,-0.00023907347250474295,-0.03986018991933565,-0.03908544998834843,-0.043445153027507635,-0.02637623971667753,-0.034739171550983695,-0.03034949419097889,-0.04033665382419811,-0.0013719371097984795,0.009100682914706797,-0.03170304271255402,-0.04937696614862113,-0.05580601628039171,0.07511097794360226,1.0,0.06743640478449306,0.07496617796797125,-0.06691776710679721,0.04963320237891481,0.04901002136510577,0.13128977091351282,-0.0169600270346908,-0.00429750748751176,-0.0169600270346908,0.006379334813665684,0.02487309063290623,-0.03986018991933564,0.1360883256120498,-0.02430770425736182,-0.0009499638609146883,-0.022061008734256926,-0.047849882044053126,-0.030099886066051462,-0.06325750953852936,-0.005545805248516418,-0.05402008404362369,0.0035594531054154626,-0.15607919693131406,-0.00021925835404165177,-0.01737865838865944,-0.05190200015611856,0.020227707750784155,0.04595843343001989,0.005731212342033179,0.012428487119057112,0.0035915607561373343,0.0031674886514669685,-0.01367854039301655,0.038290734530981994,0.03089671577653677,0.015762470399368397,-0.791215280825043,-0.00522666888144479,0.3047936557971017,0.008016321785110117,-0.03942247911823609,-0.004148125728937771,-0.004391249300404885,-0.01628113586414509,-0.03578297865891352,0.011823735447374235,-0.007855328547310834,-0.07242368043423283,-0.0031879461284619443,0.011590599668576923,-0.011559915095419268,0.00027018282650031057,-0.02704618660603987,0.07179769688018114,0.010916776077292387,0.067460772182039,-0.04063719131376852,-0.03170936469704596,-0.008085629602307682,-0.018995905901433057
PreferredMonth,-0.3975732743560843,0.04425603985421796,0.022167610197354044,-0.013165986328550454,-0.028530974519729378,-0.011361464494945205,-0.023256254447075447,0.015157421942085704,-0.0004617983846404856,0.010249718304585998,-0.028962784395879473,0.025525076456618043,-0.309814085755562,0.026985273383644717,0.06743640478449306,1.0,0.03167876347130602,-0.06147149629581014,0.09096153479014005,0.09048491592876161,0.12237522931529678,0.03510051425532953,0.021244523214097134,0.03510051425532953,-0.006993330806963314,0.0664168915222768,0.04425603985421802,0.13617255388003743,0.004273943560583122,0.014439387112956514,-0.003128174810409385,0.2047824102662618,-0.019856906780639415,0.02189196115200376,-0.17359973397706743,-0.0003419077866098477,-0.43104384076795293,-0.05277838585105625,-0.4309430227906079,0.036788262914139565,0.020185892078190222,-0.2260632861855275,0.09290045726053596,0.1194526954693725,0.015915196958191716,0.025507203877613637,-0.0023306115125214352,0.009364781721302527,-0.005189359658560129,0.022251636441728784,0.003080362863668043,-0.06180125104560659,0.01700930042743857,-0.0026058472045380537,-0.1315280634473919,-0.5209906559906146,-0.08334376877057507,-0.0028324710833698965,-0.01567003631787673,-0.0035484428533966972,-0.015136061323302773,-0.019248286066446876,-0.025837679720706035,0.019101895559680424,0.0009762908859529969,-0.006997782473030139,-0.020710231078031396,-0.0020982846784994374,0.03347441821307283,-0.010579229329487707,0.04099456958237422,-0.06635701237776753,-0.029992578252860322,0.01008388075891557,-0.0075941569259939164
WeekendPurchaseRatio,-0.04146055457552831,-0.022008823085949897,-0.030997825809263038,-0.03784266150286443,-0.012707104994280717,-0.04048927992778512,-0.016997457286725404,-0.03216311624535191,-0.0238171195282091,-0.018875125715543586,-0.01611696120657403,0.0049753145050806975,-0.02978267773005722,0.6598729728415168,0.07496617796797125,0.03167876347130602,1.0,-0.029050336061203417,0.0801740912351719,0.07922473233517313,0.14708938456427972,-0.031947858399376715,-0.018500231028788724,-0.031947858399376715,-0.07750828557075262,0.036599795860229475,-0.0220088230859499,0.16285807792274523,-0.0074773491664962685,-0.004644160849071409,-0.015885556016705427,0.004411835513465305,-0.009399855474846319,-0.00017587384774614566,-0.023552121820600656,5.853355156786718e-05,-0.020452604271004038,-0.1681957348052211,-0.01985729735445061,-0.022249481273437698,-0.03503459941636363,-0.027164482484333726,0.0053735140746718115,0.03406114721503312,-0.008749555163570295,0.026511929986005673,0.007987248731508047,-0.011432402516156112,0.01816751910260801,-0.0009128848223896019,-0.02111439520559354,-0.09838007676066711,0.07708630767739816,-0.03342274479779316,-0.023100245227474316,-0.029954694725361927,0.003783747067688353,-0.020124027928099877,-0.007109218880140374,0.0006844950134821354,-0.012066412352414216,-0.023212629603087752,-0.04737981366977142,0.04596276218907065,-0.02828854628819658,-0.03604660887746109,-0.022504504657723037,-0.015058657472134881,0.07243258634000041,0.13677196584144283,0.9135009258309191,-0.05307647427953352,-0.06266308486539933,0.004063940845590511,0.013769302612497435
AvgDaysBetweenPurchases,-0.08518529556352179,-0.02628319190952851,-0.024104429884293635,0.255074609243133,0.06721112814249312,0.3373511752508703,0.08168236743904711,-0.019194562180225288,0.2736146044985144,0.3063414412098939,0.07804956025967237,0.20834492109043296,0.16311485473052345,-0.04768862341414766,-0.06691776710679721,-0.06147149629581014,-0.029050336061203417,1.0,-0.11358488706683852,-0.11310094609905312,-0.18425801954267307,-0.03258206288278413,-0.011663683397156212,-0.03258206288278413,0.13155507866804245,-0.06856474667860513,-0.02628319190952851,-0.1857643758039343,-0.006590250290422377,0.016056738330151085,0.006086241666688095,0.004545074918809254,0.002184423115582258,-0.047267851350553135,-0.17354765990052765,0.22193578677866377,-0.05189076353709931,0.14886529524199038,-0.052999979732317216,-0.017986858991743637,-0.0545400109641449,-0.14888686977676358,-0.0985709186494724,0.0011775785817913602,0.009923484007695169,-0.0034321877310310566,0.014386945257787864,0.01866798252626232,0.034204605867601774,-0.004895068912019751,-0.008885534565580886,0.06831250047418683,-0.02585278916300763,0.018735187399811476,0.06969149723314313,0.01361381492192216,-0.004506668724803378,-0.011247307713352538,-0.00452051422934435,0.01445965695949789,-0.0076338693336644526,-0.004121272397348018,-0.03201494982312062,-0.004403235541187255,-0.012682326866992647,-0.00861895136516857,-0.01228278575906387,0.004201483894371814,0.03672632743673386,0.005273188361949557,-0.03567610685292481,0.0412197823936676,0.3001284431818655,0.005485031985021653,-0.016041241350131567
UniqueProducts,-0.30266200175847907,0.6956634271193887,0.41130524632756305,-0.05891036718143905,-0.017507105913634174,-0.0957169803426312,-0.0017647714011152036,0.4404392338161432,-0.03821052221462256,-0.04048808040237515,-0.004537569981032703,0.4521177864401916,0.25021158338944793,0.0502738238639595,0.04963320237891481,0.09096153479014005,0.0801740912351719,-0.11358488706683852,1.0,0.9999299055172687,0.2848923481503899,0.5051137423141757,0.2327142936788591,0.5051137423141757,-0.08282213622067877,0.8776379401213331,0.6956634271193887,0.44342793695520644,0.02369485077569782,-0.015759023190347526,-0.004846565407613531,0.49831370748736586,0.02507958889931071,0.5183924715554629,-0.04359299875375427,0.43143320018841524,-0.3327061360697818,-0.18296172937840152,-0.26983278778296127,0.3460101218401808,0.18442924703674116,-0.25681867999822994,-0.17766895188283247,0.0440884915831644,0.004317613040426078,0.008569045375516044,-0.006884358302343161,-0.013904809267170349,0.031099821691364098,-0.010534022812374493,-0.019031021296167003,-0.0775161603046586,0.07064053613916871,-0.002573929790514404,0.017585687534818716,-0.07029884793393515,-0.01184222235555667,-0.010319083415407064,-0.0051727540553117525,-0.00785191067055921,0.1534063414680878,-0.017001497730699502,0.01954749052539739,-0.005703999149230596,-0.008237322572227175,-0.009970660798821472,-0.013011197701119945,0.01743489602799482,-0.027319158979946488,0.30685823946674196,0.025933147613269546,-0.3299386333391579,-0.18161845865659113,0.014855123127260032,-0.008039553083791564
UniqueDescriptions,-0.3026495965112798,0.699388461279166,0.41552439251907153,-0.058201809982588795,-0.017379662432940535,-0.09554214638402114,-0.0014532785641813907,0.4443381036956586,-0.03792602320859144,-0.040418513137999226,-0.004280454750233162,0.4531192697238487,0.25134500990664504,0.04992293729939753,0.04901002136510577,0.09048491592876161,0.07922473233517313,-0.11310094609905312,0.9999299055172687,1.0,0.28131636380224534,0.508272924348436,0.2340044195061271,0.508272924348436,-0.08212067572042019,0.8797340912184023,0.6993884612791661,0.4402207675843986,0.023874035929901134,-0.01564510615226837,-0.00457218476227233,0.49849531690911636,0.02518115780022394,0.5184385450803878,-0.04217574363542121,0.4321832818159614,-0.33297917683348155,-0.1809302572791826,-0.2698345262675054,0.35013707289786505,0.18488661641273227,-0.2564089814160927,-0.17847371980935883,0.0436755867041005,0.0043109283919154215,0.008791003538586894,-0.006859021814892295,-0.01395535863649671,0.030967917722976693,-0.010477846751679717,-0.01914892009239945,-0.07703818117741627,0.07054443792933689,-0.002900997344426363,0.017987121000714666,-0.0698471929361025,-0.011831482448262027,-0.01045230183276668,-0.005182536383579749,-0.007841589074308805,0.15460311980698271,-0.017034274290369324,0.019370534223617415,-0.005708436341081935,-0.008316702225212474,-0.010124894327547079,-0.013131496385972403,0.01765868876301058,-0.027264854031863447,0.3073544650442322,0.025076303067173147,-0.328774709405729,-0.18084493015064268,0.014414923934928376,-0.007825213529290597
AvgProductsPerTransaction,-0.02496430598206223,-0.15540414372447478,-0.05139440629253505,-0.10821372407174414,-0.027755759518848074,-0.11153348086311,-0.03653656413221808,-0.048620247499436164,-0.061463858229573134,-0.04901700390409359,-0.03803071689636365,-0.15816921007338877,-0.1991128858337408,0.07492587228054462,0.13128977091351282,0.12237522931529678,0.14708938456427972,-0.18425801954267307,0.2848923481503899,0.28131636380224534,1.0,-0.09795718970763877,-0.017383590270855596,-0.09795718970763877,-0.19527244126478527,0.09919036093234797,-0.15540414372447472,0.9632101745073993,0.012382850808337566,-0.03833326068502068,-0.007851340321744891,-0.014220891956542924,-0.013267923376724363,0.07828442703509478,-0.011645913554784712,-0.16232149493620032,-0.01429563605016001,-0.3735415234906556,-0.03735246460705426,-0.048117366615050394,0.31590459727475084,0.050304262500949264,0.12286038353659727,0.016448795087695842,-0.005501505133056667,0.00276160075395793,0.00809196625861821,-0.007152902265473999,0.008355550325444522,-0.010222998800434412,-0.009560962512695077,-0.14060523515708057,0.051989561350751,0.006644471730232431,-0.049811646631191725,-0.08963842212640029,-0.022645220384613255,0.00880173156046128,0.014492816106323783,-0.02132634136307317,0.012602495450388992,-0.0036903868428068156,0.015976222123177602,-0.008863852461064215,0.006218694726237416,0.046668747720585504,0.04662439709447914,-0.017679526261471724,-0.034207620563186256,-0.09752876985163808,0.1565760672129593,-0.29449966936282346,-0.2442192271008606,-0.008794344107419244,-0.022134467550397833
NegativeQuantityCount,-0.14251428857111548,0.6983660868812418,0.38289440782909323,-0.0015797430558801135,-0.000663461205628025,,0.019448140718324264,0.39686707750956696,-0.007330064597264752,,0.013480711946689615,0.2733602339627188,0.18568445464467045,-0.025712947887586775,-0.0169600270346908,0.03510051425532953,-0.031947858399376715,-0.03258206288278413,0.5051137423141757,0.508272924348436,-0.09795718970763877,1.0,0.2354556794172074,1.0,0.20745879907237713,0.6103165787356929,0.6983660868812417,-0.014790940586838787,0.0394490051127564,-0.0028360704186694524,-0.013595205174613892,0.27009541379431995,0.035871054769906624,0.249977092230304,0.05575127505406886,0.2630262362090039,-0.170176535715012,0.012630041128274698,-0.12895411708925827,0.3638380875276915,0.052676951917105745,-0.13061611580986024,-0.13037652497897745,0.005903728510254385,0.011789775545899937,0.027963486962471352,0.017335164323397465,-0.0074361715018229635,-0.004107506854082756,-0.01806425917062611,-0.016769321447803104,0.0016376629193324721,0.01540737254192033,-0.015686570670620566,0.036804723348089936,-0.020946898091013275,-0.004283232652711715,0.06978725333890164,-0.004197497092582354,0.017648788414335443,0.1689568577050087,-0.007013214611399505,0.02169111874811702,-0.004197497092582317,-0.011744846543137795,0.005173501796312487,-0.011330271866891783,0.038275710599843346,-0.05549104111890356,0.2070905938924202,-0.0606397616221348,-0.11698533056232555,-0.058948362876559274,-0.001091319411861231,0.011269723496431761
ZeroPriceCount,-0.041226835616288746,0.2494057764069112,0.3936937471458032,0.00961367687837213,-0.0006847054537869783,-0.007679761063876279,0.018395245848645613,0.4673736637999654,0.10744987613256338,0.3237915031905196,0.026605247477055536,0.06453173082063049,0.037347571521838666,0.004491817930501558,-0.00429750748751176,0.021244523214097134,-0.018500231028788724,-0.011663683397156212,0.2327142936788591,0.2340044195061271,-0.017383590270855596,0.2354556794172074,1.0,0.23545567941720738,0.009163971220799861,0.23922727777763947,0.2494057764069112,0.006677730059698029,-0.009605235316100776,0.005645507691362476,-0.027984392738569223,0.07335806192999064,-0.009921658117842187,0.06893570897900243,0.04151698479057646,0.06564295480075184,-0.04965656862941455,0.04077195292895661,-0.03193970652607072,0.37354975433579213,0.13569057574511464,-0.03095253806213554,-0.023647148061085504,-0.003689741330644003,0.022503902781204503,0.0049689815182023325,0.0042206457805617085,-0.006877761214361543,-0.010146619846263612,-0.01274120919325885,-0.016406066826828925,0.013584764224172463,-0.019796312657529232,-0.00833213240207439,-0.021198620225954527,-0.013292757907639062,0.004544566016092522,-0.0031039288476617253,-0.0010965254890944,-0.0032925909709785794,0.08171092691469467,-0.004393647294754736,0.047076741529078425,-0.0010965254890943957,0.012397605471015783,-0.005714735394831011,-0.003471093434128417,0.11666747340500777,-0.07573258781689361,0.04709528390118442,-0.019415351064766332,-0.028650941533476252,-0.004340034971424603,-0.012614715852850594,-0.011543036380913304
CancelledTransactions,-0.14251428857111548,0.6983660868812418,0.38289440782909323,-0.0015797430558801135,-0.000663461205628025,,0.019448140718324264,0.39686707750956696,-0.007330064597264752,,0.013480711946689615,0.2733602339627188,0.18568445464467045,-0.025712947887586775,-0.0169600270346908,0.03510051425532953,-0.031947858399376715,-0.03258206288278413,0.5051137423141757,0.508272924348436,-0.09795718970763877,1.0,0.23545567941720738,1.0,0.20745879907237713,0.6103165787356929,0.6983660868812417,-0.014790940586838787,0.0394490051127564,-0.0028360704186694524,-0.013595205174613892,0.27009541379431995,0.035871054769906624,0.249977092230304,0.05575127505406886,0.2630262362090039,-0.170176535715012,0.012630041128274698,-0.12895411708925827,0.3638380875276915,0.052676951917105745,-0.13061611580986024,-0.13037652497897745,0.005903728510254385,0.011789775545899937,0.027963486962471352,0.017335164323397465,-0.0074361715018229635,-0.004107506854082756,-0.01806425917062611,-0.016769321447803104,0.0016376629193324721,0.01540737254192033,-0.015686570670620566,0.036804723348089936,-0.020946898091013275,-0.004283232652711715,0.06978725333890164,-0.004197497092582354,0.017648788414335443,0.1689568577050087,-0.007013214611399505,0.02169111874811702,-0.004197497092582317,-0.011744846543137795,0.005173501796312487,-0.011330271866891783,0.038275710599843346,-0.05549104111890356,0.2070905938924202,-0.0606397616221348,-0.11698533056232555,-0.058948362876559274,-0.001091319411861231,0.011269723496431761
